-2000.000000
-1966.666667
-1933.333333
-1900.000000
-1866.666667
-1833.333333
-1800.000000
-1766.666667
-1733.333333
-1700.000000
-1666.666667
-1633.333333
-1600.000000
-1566.666667
-1533.333333
-1500.000000
-1466.666667
-1433.333333
-1400.000000
-1366.666667
-1333.333333
-1300.000000
-1266.666667
-1233.333333
-1200.000000
-1166.666667
-1133.333333
-1100.000000
-1066.666667
-1033.333333
-1000.000000
-966.666667
-933.333333
-900.000000
-866.666667
-833.333333
-800.000000
-766.666667
-733.333333
-700.000000
-666.666667
-633.333333
-600.000000
-566.666667
-533.333333
-500.000000
-466.666667
-433.333333
-400.000000
-366.666667
-333.333333
-300.000000
-266.666667
-233.333333
-200.000000
-166.666667
-133.333333
-100.000000
-66.666667
-33.333333
0.000000
33.333333
66.666667
100.000000
133.333333
166.666667
200.000000
233.333333
266.666667
300.000000
333.333333
366.666667
400.000000
433.333333
466.666667
500.000000
533.333333
566.666667
600.000000
633.333333
666.666667
700.000000
733.333333
766.666667
800.000000
833.333333
866.666667
900.000000
933.333333
966.666667
1000.000000
1033.333333
1066.666667
1100.000000
1133.333333
1166.666667
1200.000000
1233.333333
1266.666667
1300.000000
1333.333333
1366.666667
1400.000000
1433.333333
1466.666667
1500.000000
1533.333333
1566.666667
1600.000000
1633.333333
1666.666667
1700.000000
1733.333333
1766.666667
1800.000000
1833.333333
1866.666667
1900.000000
1933.333333
1966.666667
2000.000000
