32
35
59
55
78
79
100
127
143
151
190
223
255
336
339
389
442
503
592
681
723
829
900
1015
1096
1146
1208
1384
1433
1551
1741
1859
2107
2373
2563
2758
2995
3291
3626
3939
4383
4924
5788
6649
7591
8361
8838
9525
10287
10624
11168
11922
12775
13733
14785
16623
18179
20330
20426
21553
20819
20350
19380
17789
15738
14427
12893
11599
10602
9419
8441
7717
7126
6686
6133
5968
5558
5267
4817
4398
3992
3568
3209
2838
2496
2346
1999
1867
1703
1598
1505
1375
1242
1172
1092
940
887
736
737
634
592
497
470
409
351
272
268
229
187
171
147
111
92
95
80
64
66
35
28
20
