109.138664
124.139664
141.176331
160.358337
182.000336
206.733002
233.468994
263.255676
296.368317
332.492004
371.756653
414.492676
461.856659
512.208313
568.276306
627.931641
693.556335
763.778687
843.966675
932.577637
1029.871948
1139.787964
1265.725342
1416.569946
1595.573608
1794.990356
2000.480957
2198.388916
2376.012939
2593.989258
2903.695068
3222.859863
3597.487061
4064.435547
4802.674805
5609.114746
6388.301758
7161.742676
7875.294434
8717.373047
9235.043945
10114.629883
11065.433594
12211.166992
13514.934570
15024.459961
17023.398438
19191.187500
21313.259766
22828.746094
22986.935547
22003.726562
20334.023438
18069.761719
15809.676758
14129.762695
12461.369141
10823.471680
9560.960938
8184.352051
7081.632812
6361.596680
5791.433105
5174.344727
4852.237793
4462.384766
4141.145020
3809.448730
3490.109619
3123.547607
2780.719727
2470.263916
2196.578857
1969.630371
1765.192017
1581.161621
1434.487671
1305.657593
1192.399658
1081.241333
976.479675
876.399963
784.107300
701.606689
626.594666
561.224976
502.941010
451.464996
402.774994
360.765991
321.103668
285.183655
252.673660
223.020004
196.147659
172.221664
150.974991
131.522659
115.017998
100.403000
