54.030666
60.559334
68.291664
76.572662
86.322334
97.284332
109.795334
123.474335
138.578659
156.520325
174.934326
196.427002
220.444672
246.606003
275.642670
308.098999
343.360657
380.638000
422.839661
470.419647
521.534973
579.339661
641.825012
715.903015
803.522644
903.359314
1010.861633
1121.803711
1230.768311
1340.742310
1486.453979
1674.339600
1847.598633
2109.855225
2476.952393
2878.673340
3276.882568
3677.611572
3989.223633
4476.434082
4681.388672
5121.908203
5619.724609
6151.526367
6892.124023
7720.561035
8714.744141
9676.458008
10621.905273
11501.586914
11563.105469
11242.744141
10340.700195
9034.848633
8037.698730
7156.077148
6420.439453
5596.497070
4890.355469
4193.071777
3636.668945
3254.291748
3006.322021
2650.070068
2492.265625
2301.159424
2130.692627
1961.266357
1807.138672
1611.067627
1437.883301
1269.781006
1115.955688
988.035645
881.063293
795.226013
723.893677
658.694336
596.869019
538.097351
483.912323
432.623322
386.718994
344.331329
307.085999
273.164001
243.128326
215.680328
191.487671
170.346664
150.644669
133.379669
118.257332
104.556000
92.662003
81.684669
72.478996
64.077332
56.581001
50.112667
