40.156666
44.709000
50.820667
56.877998
64.338669
72.567665
82.045334
92.385002
104.047333
117.221001
132.248001
149.208328
166.867325
186.817993
209.407669
233.678329
260.327667
288.699341
319.546326
354.845001
394.160675
437.630341
486.843658
546.110657
616.987976
700.760986
791.298340
872.300354
949.017334
1033.170044
1161.093018
1319.697632
1453.275635
1645.546631
1972.305664
2285.586670
2592.087646
2929.605225
3231.122559
3633.626953
3798.605713
4100.573730
4522.979980
4949.340820
5561.444824
6317.604004
7031.741211
7847.809082
8639.661133
9362.280273
9401.634766
9190.568359
8406.331055
7323.664062
6521.420410
5842.872070
5167.896484
4479.693848
3936.488037
3351.662598
2920.264404
2609.642578
2434.253662
2100.411865
2016.980957
1864.814941
1718.307617
1555.929688
1416.322266
1255.732300
1117.360596
988.180298
867.148010
765.612305
676.132629
609.401001
552.216980
501.229004
451.263000
405.881653
363.441010
324.671326
289.404663
257.391663
228.440659
202.940002
180.067657
159.952667
142.073669
125.726334
111.365997
98.511330
87.579666
77.511665
68.441666
60.569000
53.831333
47.369667
42.020000
37.249001
