54.690334
63.106998
72.989334
83.837669
95.789001
109.466331
124.171669
139.914658
157.207993
176.155670
196.481995
217.775665
241.185333
265.974670
292.402344
320.202667
350.602325
383.977325
420.686676
462.218323
507.803986
560.591980
623.531311
699.778320
791.888306
892.253296
990.963013
1075.931030
1143.671021
1254.497681
1417.960693
1547.490967
1750.790649
1954.658325
2325.984619
2728.663330
3112.201660
3485.084961
3887.192627
4240.650391
4552.724121
4991.803223
5447.301270
6058.689453
6623.390625
7303.658691
8308.654297
9514.464844
10691.262695
11327.202148
11423.884766
10761.065430
9993.230469
9035.156250
7772.154785
6973.226562
6040.551270
5226.846191
4671.466797
3991.054688
3445.754639
3106.397217
2785.389893
2524.046631
2359.759521
2161.586426
2009.451660
1849.128662
1683.004028
1512.588257
1341.933594
1200.330322
1081.125000
982.877991
883.632324
785.744019
708.674988
648.584656
595.360657
543.493347
493.166656
443.378326
397.380676
356.154327
319.958984
288.003662
259.776672
234.838669
212.186996
190.940002
170.788666
151.919998
134.265335
117.978668
103.729996
90.229332
78.395332
67.986336
58.054333
50.123001
