41.447998
48.017998
55.077332
63.488667
72.887329
83.218330
94.190331
106.541664
119.463997
133.871994
149.138336
165.552658
182.597336
200.938660
220.628326
242.629333
266.961334
293.869659
324.048676
357.315674
396.315002
441.313324
495.063995
562.268005
642.572632
723.464355
804.682983
879.357666
933.147339
1019.072998
1156.667969
1265.255615
1418.896362
1586.120972
1888.280029
2249.771973
2567.463379
2843.132324
3199.680664
3423.495605
3731.728271
4121.776855
4452.548828
4960.460449
5401.230469
5962.759277
6766.124023
7776.718750
8745.130859
9180.999023
9251.092773
8813.499023
8178.217285
7347.325195
6395.396484
5731.230469
4917.448730
4273.658691
3804.704346
3250.654541
2792.041260
2544.928223
2279.767334
2070.546875
1941.026001
1769.369263
1652.128662
1521.379028
1385.970337
1253.333008
1102.246338
985.399658
885.956665
800.150330
716.768982
635.774963
574.438660
522.790649
476.578339
434.875000
394.294983
355.520996
319.186340
283.797668
253.479996
226.731003
202.998993
183.013000
164.481339
147.880005
132.694672
117.774666
104.861336
91.836662
80.458000
70.121002
60.952667
52.620335
44.973331
38.582001
