7.262091
7.752796
8.042729
8.649758
9.183167
9.650589
10.291845
10.946656
11.497038
12.172414
12.863897
13.497458
14.304329
15.152600
16.234577
16.655880
17.982391
18.887682
19.915325
20.461014
21.915936
22.158804
23.134939
25.068089
25.963079
26.843964
27.730335
28.604986
30.599304
30.349392
31.237003
31.524788
31.947350
33.051048
32.744781
33.087502
33.018776
31.083504
29.928028
27.863222
26.343910
24.192831
23.351871
21.628498
20.164289
18.626143
16.158682
13.928253
11.738122
8.460478
5.775340
8.678627
12.013191
14.189699
16.052469
17.726547
19.205050
20.670683
22.432316
23.138762
24.065491
25.197451
25.688576
28.186590
29.578959
30.226784
31.645042
32.183380
32.177391
30.842699
31.312679
30.096449
28.844023
27.489965
26.288788
25.438906
24.296278
23.881954
22.801531
21.834852
20.852760
20.166649
18.767920
18.142324
16.941515
15.617887
14.773984
14.601686
13.642210
13.305068
12.121828
11.296699
10.695477
10.091422
9.320518
9.088643
8.432236
8.061577
7.463690
7.035563
