8.769087
9.434945
9.949312
10.801364
11.487024
12.343796
12.910479
13.789632
14.531124
15.362054
16.428024
17.343559
17.909138
18.962088
20.135746
20.683142
21.826828
22.991566
24.023033
25.329493
26.556215
27.801121
28.709366
30.370636
31.461603
33.461674
34.781830
35.344860
35.254005
35.802654
37.161880
37.218964
37.264698
37.695618
37.892944
38.816460
38.108269
37.307587
35.405693
34.114769
31.987738
29.560640
27.993481
26.228598
24.462696
21.520840
19.858366
17.085045
13.826058
9.713782
7.011526
10.822908
14.772167
17.278791
19.679798
22.025204
23.289709
24.713015
26.454580
26.901367
27.673374
29.059872
31.509357
32.676495
33.993248
35.888599
36.811058
37.460903
37.196068
37.499359
36.227219
35.507832
35.091835
33.252243
32.976044
31.238621
30.227160
29.835333
27.975168
26.959665
25.762997
24.672215
23.310148
22.493303
21.076891
20.182213
19.198387
18.421856
16.851698
16.300354
14.935710
14.043826
13.487694
12.615177
11.821508
11.158690
10.525314
9.907149
9.204975
8.530668
