6.268896
6.730783
7.308704
7.841282
8.152062
8.829760
9.374366
10.127905
10.861800
11.178577
11.688003
12.510984
12.924171
13.563956
14.054608
14.653606
15.730490
16.097879
16.755751
17.490091
18.074512
18.828791
20.426624
20.949284
22.070654
23.017950
24.003386
24.041569
24.222507
24.866144
25.356041
25.462740
24.843483
25.172701
25.357903
25.462799
25.548677
24.111448
22.990553
21.485092
21.517191
20.049891
19.074490
17.411304
16.496510
14.792127
13.661680
11.518959
9.569611
6.642643
4.872084
7.464488
10.303965
12.326720
14.029812
15.386370
16.039278
16.358261
17.327425
17.740435
18.502983
19.381531
20.343201
21.368807
22.247015
23.543938
24.357037
24.283710
24.305933
24.831236
24.622086
23.838247
23.841385
23.525496
22.513165
21.572950
21.128174
20.353745
19.308758
19.115993
18.063150
17.476690
17.177097
15.872766
14.587913
14.311775
13.519489
13.113460
12.466842
11.779468
10.901822
10.456817
10.004005
9.297104
8.444327
7.961123
7.620528
7.113863
6.502670
5.942534
