6.305768
6.587269
7.077514
7.404822
7.893673
8.405374
8.825337
9.554503
9.955407
10.668619
11.285106
11.729142
12.753691
13.155527
14.139995
14.761917
15.527138
16.612051
16.922255
17.682812
18.821022
19.712599
20.524790
21.271702
22.721191
23.565235
26.118092
25.679096
26.703159
26.381947
27.755861
27.901739
28.662382
28.032074
29.069994
29.416203
28.441256
27.678879
26.531885
25.333162
23.496202
22.078171
19.953671
18.716930
17.115469
16.005417
14.531396
12.337879
9.968138
6.958850
5.004295
7.616817
10.591482
12.360988
14.183492
15.581481
17.028629
18.498245
19.544851
20.311155
21.551256
23.130037
23.970528
24.475073
25.784937
27.334299
27.242805
27.471821
28.333454
27.317455
27.368563
26.344698
25.439730
24.048801
23.440994
22.188517
21.805099
20.165483
20.041666
19.070314
17.920683
17.055349
16.259182
15.394455
14.759554
13.810382
13.033715
12.378429
11.683396
10.905797
10.320863
9.633040
9.035534
8.570435
8.127522
7.576831
7.357780
6.874938
6.469793
6.095358
