10.312593
11.076419
11.583033
12.683357
13.109345
13.714557
14.948496
15.980095
16.516483
17.774643
18.356138
19.616835
20.433468
21.697371
23.383076
23.656464
25.839441
26.548157
27.306534
29.289688
29.338995
31.624500
32.370972
33.901447
35.816963
37.761261
38.661652
40.390865
40.095097
40.355854
41.565716
41.392822
42.255756
43.108303
42.846973
42.793728
42.361660
41.826847
39.117035
36.549763
35.416698
32.740696
31.508566
29.559572
26.966732
25.106451
22.464622
19.258684
16.229275
11.381741
7.942015
12.297452
16.810400
19.397024
21.715334
24.457939
25.837860
28.234524
29.871117
30.506672
31.158199
32.794670
34.171871
36.695370
38.420013
39.349113
39.644173
41.748856
42.207096
42.005745
41.123581
40.026863
38.754025
37.451141
36.750301
35.451702
34.230888
31.995775
31.806559
30.722136
29.532518
27.699406
26.539101
24.972929
24.065828
23.125151
21.739727
20.683504
19.606407
18.255966
16.859726
16.269691
15.695263
14.600594
13.579494
12.941060
11.988451
11.100055
10.412643
9.727940
