7.354849
7.981653
8.423392
9.206351
9.543069
10.294149
10.731818
11.559236
12.194055
12.877295
13.521142
14.047744
14.492608
15.609695
16.800869
16.819609
17.525768
18.219059
19.258076
20.016783
20.705069
21.949566
22.760603
23.745579
24.958942
25.552954
27.176888
26.773703
26.835266
27.392738
28.006199
27.402925
27.406239
27.909674
28.313782
28.081196
27.456202
26.329823
25.670811
24.453808
23.582817
21.949911
20.895855
19.818333
18.355625
16.667236
15.301137
13.188660
10.809685
7.965765
5.672302
8.325027
11.597619
13.954390
15.735153
17.210419
17.847246
18.397814
19.182184
19.948090
20.860207
21.412868
22.236744
23.252628
24.939619
25.572052
26.177944
26.431011
27.101147
27.461966
27.239223
27.265137
26.860378
26.052155
24.294619
23.955065
23.045599
22.487761
21.898275
21.094728
20.515942
19.393089
18.093523
17.724913
17.006245
16.196577
15.131549
14.871326
13.955750
13.294910
12.721791
11.923967
11.406824
10.433719
9.912039
9.135566
8.577659
7.922230
7.551185
7.108871
