z,vz_mean,vz_vars,evz_means,evz_vars
-545.0,-7.949753,453.38865684080787,61.13491401689335,87.2546876915211
-535.0,-7.949753,475.05106924646435,48.99777658787606,69.66486879280313
-525.0,-7.949753,516.1575295172715,45.80157437012908,65.02973621124673
-515.0,-7.949753,594.3792709691123,43.81822120480379,62.137404392806104
-505.0,-7.949753,667.5090567610383,41.47699464032881,58.77089540058185
-495.0,-7.949753,541.3873950492073,33.640175897772515,47.66650226443431
-485.0,-7.949753,665.1857730823347,35.45452083267857,50.211638286723066
-475.0,-7.949753,462.06944853849325,23.0746471225908,32.673244044069705
-465.0,-7.949753,643.3394923430817,28.799830995115276,40.76998376179176
-455.0,-7.949753,629.5655340731812,26.53302381783931,37.55673107086136
-445.0,-7.949753,570.6252924666501,23.122903735907588,32.72760505908512
-435.0,-7.949753,547.2676635617063,20.940615176101463,29.636205545263074
-425.0,-7.949753,541.0881718288623,19.904250152792144,28.167925102647303
-415.0,-7.949753,547.3743509102314,18.908733193205578,26.756956465890433
-405.0,-7.949753,567.5283222155389,19.675504481020905,27.842102346930528
-395.0,-7.949753,534.0793614662396,17.456930037971343,24.701025735664928
-385.0,-7.949753,486.2391472044246,15.78399064457916,22.333703706580916
-375.0,-7.949753,567.2269666209495,17.937291647905035,25.3798542218889
-365.0,-7.949753,587.3583137275039,19.396280340906863,27.445451604336476
-355.0,-7.949753,561.7010958339545,17.77143621112462,25.145194446048528
-345.0,-7.949753,502.97413544064375,15.91339741033958,22.51621463940824
-335.0,-7.949753,498.7051719209838,15.963163554790313,22.58689651901049
-325.0,-7.949753,550.5079305141132,17.02149640667638,24.08354603430467
-315.0,-7.949753,584.5401236002182,17.937093364316983,25.378832122148204
-305.0,-7.949753,498.01741154534915,15.18938865228203,21.49103759334581
-295.0,-7.949753,546.7372045393565,16.929201479399882,23.952991824139104
-285.0,-7.949753,503.9092773174085,14.801667226667462,20.941754894048536
-275.0,-7.949753,482.64662777002945,14.645842636588387,20.721891952205034
-265.0,-7.949753,485.4527506378462,14.466976331483758,20.46848517879136
-255.0,-7.949753,482.9608257318233,13.72623983799339,19.419679289864803
-245.0,-7.949753,480.24889730869495,13.840543126087846,19.58161738965168
-235.0,-7.949753,501.9894718996022,14.18139890626382,20.06353446361309
-225.0,-7.949753,441.384492921608,12.194989291115892,17.252905584132225
-215.0,-7.949753,517.5818150905795,14.118201464197725,19.973584018504106
-205.0,-7.949753,452.5658297746951,11.917883340949144,16.86027941349084
-195.0,-7.949753,449.5248379510989,12.065878841999016,17.069879700361227
-185.0,-7.949753,456.1246307374116,12.3321976351612,17.446739047382938
-175.0,-7.949753,433.4201513039865,11.209558378203914,15.858014057500567
-165.0,-7.949753,419.49184060876956,10.889465604140343,15.405221257494416
-155.0,-7.949753,400.6884659656674,10.203863830304327,14.435124026345024
-145.0,-7.949753,417.9809094947896,10.572482077951525,14.95653286757366
-135.0,-7.949753,385.8229758905152,9.576985426603503,13.548077096122615
-125.0,-7.949753,393.7348985082572,9.27784373652593,13.124496616941906
-115.0,-7.949753,343.21910118799144,8.273342706968279,11.703674210417692
-105.0,-7.949753,345.13761199685723,7.9727380747913665,11.278163831371389
-95.0,-7.949753,358.19162438768944,8.206688258290429,11.609057233664927
-85.0,-7.949753,381.1277858478383,8.63084477979774,12.208988653688563
-75.0,-7.949753,348.173587287769,7.714367207127133,10.912441615361685
-65.0,-7.949753,351.0773782675459,7.666614589958527,10.844816432093925
-55.0,-7.949753,370.3508773256558,7.983480048680398,11.29296989595832
-45.0,-7.949753,342.56109616734216,7.536555142179921,10.660878885100452
-35.0,-7.949753,294.57473719803727,6.504481288947679,9.200968973112996
-25.0,-7.949753,351.1875941385924,7.685531708487762,10.871586837308662
-15.0,-7.949753,290.79520267420673,6.15241543712562,8.702777372118323
-5.0,-7.949753,309.37478067013876,6.5192962288223235,9.221724823496901
5.0,-7.949753,323.7712300124193,6.905965606424807,9.76873266138026
15.0,-7.949753,327.34071382091525,6.969430170504261,9.858497395994771
25.0,-7.949753,323.59507501976736,6.988589199580214,9.885663322001102
35.0,-7.949753,314.60192638434717,6.722631717389019,9.509408295254202
45.0,-7.949753,328.9827374684985,7.095024183457384,10.036213700255486
55.0,-7.949753,322.5617342395068,6.963025514980766,9.849500236779056
65.0,-7.949753,327.22225758786044,7.125322844154242,10.079118034896778
75.0,-7.949753,320.5454832325931,7.025048050089042,9.937304995935069
85.0,-7.949753,337.2442852096225,7.607874182106521,10.761897593982663
95.0,-7.949753,354.3615566292723,7.905996766785109,11.183551560871093
105.0,-7.949753,342.7747655761724,7.728703784201779,10.932817123232732
115.0,-7.949753,338.4294120543636,7.79080168243557,11.020777972986503
125.0,-7.949753,323.0091200320604,7.626118779479667,10.787967705278644
135.0,-7.949753,372.5383642175723,9.001032334057765,12.733099152796038
145.0,-7.949753,380.72904689579775,9.188208972884848,12.997875348621456
155.0,-7.949753,376.19200846692,9.372636958033647,13.259026094022017
165.0,-7.949753,409.41237481540225,10.453176552316052,14.787844863615367
175.0,-7.949753,388.6074434950185,9.810692036141043,13.878837267679232
185.0,-7.949753,414.12680893481604,10.522226279961993,14.885480755110564
195.0,-7.949753,420.4764936314103,10.955705476252698,15.498969184541819
205.0,-7.949753,428.6493937187957,11.58511874915664,16.389819205528145
215.0,-7.949753,433.10467808653516,11.778894416869452,16.6640361093257
225.0,-7.949753,393.1365617394804,10.644769211506272,15.059498343375553
235.0,-7.949753,392.4156313846577,11.239434114241853,15.901483843713692
245.0,-7.949753,428.36283293063275,12.365769845166573,17.495130581268654
255.0,-7.949753,427.8713358823369,12.535747342430342,17.735837487733647
265.0,-7.949753,475.2324762425411,14.54869039461385,20.584603550502614
275.0,-7.949753,461.97685878056365,13.804198961624117,19.530806446345366
285.0,-7.949753,502.3411418177279,15.236456509222911,21.557521782881444
295.0,-7.949753,476.39737543633663,14.639336046732751,20.712929366797244
305.0,-7.949753,517.6986075351664,16.305973447886657,23.071575871520636
315.0,-7.949753,501.91609525037006,16.55668426902228,23.42743706773996
325.0,-7.949753,506.25168440062043,16.672511309355635,23.591288623824827
335.0,-7.949753,563.0996414045269,18.82234515841386,26.633699118729172
345.0,-7.949753,539.0463833534629,18.744479345472033,26.524738482960842
355.0,-7.949753,569.0457027325062,19.98189722642381,28.276108302533817
365.0,-7.949753,630.2799023538006,23.169550011118577,32.78885398060771
375.0,-7.949753,577.2109284336295,21.034735577160912,29.767380757960467
385.0,-7.949753,648.7602012643258,24.347536496389072,34.4568902894469
395.0,-7.949753,566.4121644582823,21.609971957082784,30.583382177927202
405.0,-7.949753,574.3648716887898,21.77124427638597,30.811331458955344
415.0,-7.949753,725.6687913462526,27.706163198898206,39.21102164189628
425.0,-7.949753,701.5387986731214,28.016760933621228,39.65331736960302
435.0,-7.949753,672.8882091479206,27.244447231223305,38.56108718676902
445.0,-7.949753,706.1047730426745,28.04300298796545,39.69010885547418
455.0,-7.949753,763.0972803926883,32.4208967727611,45.89150895719026
465.0,-7.949753,745.1614277918922,32.803902722913364,46.43674279525247
475.0,-7.949753,833.6969998932493,39.3445940013261,55.70372389253304
485.0,-7.949753,823.1615614841121,39.6043790924504,56.073988092753595
495.0,-7.949753,1077.3779600712467,59.946913275763336,84.90927817848038
505.0,-7.949753,714.346039303716,41.80393996755955,59.22119198272714
515.0,-7.949753,744.904378201388,47.11188948295734,66.75992669677677
525.0,-7.949753,605.6090786680509,40.55458350042716,57.48186993180847
535.0,-7.949753,638.1446309561925,45.58175935401375,64.62741896624144
545.0,-7.949753,731.6393927903682,58.39118035458478,82.8418481732031
555.0,-7.949753,835.226255757108,85.24492276584314,121.18736240401844
565.0,-7.949753,854.4677808593476,84.60491737706144,120.2402865327556
575.0,-7.949753,494.5315064450781,67.29721402890733,96.06629214006892
