-1800.000000
-1782.000000
-1764.000000
-1746.000000
-1728.000000
-1710.000000
-1692.000000
-1674.000000
-1656.000000
-1638.000000
-1620.000000
-1602.000000
-1584.000000
-1566.000000
-1548.000000
-1530.000000
-1512.000000
-1494.000000
-1476.000000
-1458.000000
-1440.000000
-1422.000000
-1404.000000
-1386.000000
-1368.000000
-1350.000000
-1332.000000
-1314.000000
-1296.000000
-1278.000000
-1260.000000
-1242.000000
-1224.000000
-1206.000000
-1188.000000
-1170.000000
-1152.000000
-1134.000000
-1116.000000
-1098.000000
-1080.000000
-1062.000000
-1044.000000
-1026.000000
-1008.000000
-990.000000
-972.000000
-954.000000
-936.000000
-918.000000
-900.000000
-882.000000
-864.000000
-846.000000
-828.000000
-810.000000
-792.000000
-774.000000
-756.000000
-738.000000
-720.000000
-702.000000
-684.000000
-666.000000
-648.000000
-630.000000
-612.000000
-594.000000
-576.000000
-558.000000
-540.000000
-522.000000
-504.000000
-486.000000
-468.000000
-450.000000
-432.000000
-414.000000
-396.000000
-378.000000
-360.000000
-342.000000
-324.000000
-306.000000
-288.000000
-270.000000
-252.000000
-234.000000
-216.000000
-198.000000
-180.000000
-162.000000
-144.000000
-126.000000
-108.000000
-90.000000
-72.000000
-54.000000
-36.000000
-18.000000
0.000000
18.000000
36.000000
54.000000
72.000000
90.000000
108.000000
126.000000
144.000000
162.000000
180.000000
198.000000
216.000000
234.000000
252.000000
270.000000
288.000000
306.000000
324.000000
342.000000
360.000000
378.000000
396.000000
414.000000
432.000000
450.000000
468.000000
486.000000
504.000000
522.000000
540.000000
558.000000
576.000000
594.000000
612.000000
630.000000
648.000000
666.000000
684.000000
702.000000
720.000000
738.000000
756.000000
774.000000
792.000000
810.000000
828.000000
846.000000
864.000000
882.000000
900.000000
918.000000
936.000000
954.000000
972.000000
990.000000
1008.000000
1026.000000
1044.000000
1062.000000
1080.000000
1098.000000
1116.000000
1134.000000
1152.000000
1170.000000
1188.000000
1206.000000
1224.000000
1242.000000
1260.000000
1278.000000
1296.000000
1314.000000
1332.000000
1350.000000
1368.000000
1386.000000
1404.000000
1422.000000
1440.000000
1458.000000
1476.000000
1494.000000
1512.000000
1530.000000
1548.000000
1566.000000
1584.000000
1602.000000
1620.000000
1638.000000
1656.000000
1674.000000
1692.000000
1710.000000
1728.000000
1746.000000
1764.000000
1782.000000
1800.000000
