-1440.000000
-1410.000000
-1380.000000
-1350.000000
-1320.000000
-1290.000000
-1260.000000
-1230.000000
-1200.000000
-1170.000000
-1140.000000
-1110.000000
-1080.000000
-1050.000000
-1020.000000
-990.000000
-960.000000
-930.000000
-900.000000
-870.000000
-840.000000
-810.000000
-780.000000
-750.000000
-720.000000
-690.000000
-660.000000
-630.000000
-600.000000
-570.000000
-540.000000
-510.000000
-480.000000
-450.000000
-420.000000
-390.000000
-360.000000
-330.000000
-300.000000
-270.000000
-240.000000
-210.000000
-180.000000
-150.000000
-120.000000
-90.000000
-60.000000
-30.000000
0.000000
30.000000
60.000000
90.000000
120.000000
150.000000
180.000000
210.000000
240.000000
270.000000
300.000000
330.000000
360.000000
390.000000
420.000000
450.000000
480.000000
510.000000
540.000000
570.000000
600.000000
630.000000
660.000000
690.000000
720.000000
750.000000
780.000000
810.000000
840.000000
870.000000
900.000000
930.000000
960.000000
990.000000
1020.000000
1050.000000
1080.000000
1110.000000
1140.000000
1170.000000
1200.000000
1230.000000
1260.000000
1290.000000
1320.000000
1350.000000
1380.000000
1410.000000
1440.000000
