114
110
123
114
121
136
138
147
174
164
177
186
187
192
227
245
234
261
265
318
331
334
332
363
441
433
506
505
591
637
716
728
819
854
837
931
1042
1062
1152
1286
1425
1646
1792
2103
2272
2316
2564
2699
2798
3009
3050
3329
3588
3812
4078
4449
4745
5372
5590
5944
5978
5798
5381
5101
4739
4215
3960
3606
3259
3000
2691
2375
2137
2053
1823
1794
1619
1571
1461
1457
1315
1262
1134
1123
996
952
846
777
763
681
597
566
549
491
485
468
405
376
363
286
315
256
236
258
210
222
201
177
201
176
153
135
130
128
113
122
115
102
90
96
