103
102
119
106
118
125
129
141
166
157
170
177
177
183
220
234
224
245
259
308
310
309
321
351
424
420
478
483
570
616
685
706
787
815
806
890
1000
1034
1111
1242
1360
1592
1720
2021
2191
2232
2464
2603
2688
2892
2940
3214
3459
3681
3920
4282
4572
5171
5347
5726
5744
5569
5184
4920
4570
4040
3798
3464
3125
2896
2588
2276
2064
1979
1752
1735
1564
1513
1408
1387
1264
1217
1091
1079
958
903
813
747
737
652
566
537
527
470
453
448
389
359
349
272
309
244
226
247
200
211
192
171
188
172
144
128
123
119
108
116
109
95
85
89
