91
96
123
125
140
171
196
211
284
287
302
319
342
332
406
464
455
493
519
554
599
614
634
697
754
780
879
920
1021
1110
1223
1305
1417
1493
1513
1613
1811
1891
2125
2270
2544
2915
3275
3589
3947
4105
4514
4802
4936
5295
5524
5982
6366
6837
7446
8168
8843
9782
10274
10813
10880
10597
10002
9483
8535
7707
7203
6488
5729
5353
4800
4287
3790
3555
3277
3149
2846
2792
2619
2506
2319
2245
2089
1927
1781
1667
1498
1373
1300
1144
1036
971
965
854
864
785
697
662
618
531
544
456
441
436
403
377
348
321
304
298
275
220
213
203
158
160
126
115
86
84
