206
187
204
205
232
225
251
259
317
307
322
323
351
343
409
467
460
496
520
560
601
614
636
700
759
786
886
924
1027
1112
1226
1306
1421
1496
1519
1620
1816
1897
2134
2278
2548
2921
3275
3594
3956
4109
4518
4806
4939
5298
5528
5985
6366
6837
7446
8168
8843
9782
10274
10813
10880
10597
10002
9483
8535
7707
7204
6490
5730
5356
4801
4289
3792
3558
3283
3151
2852
2794
2623
2510
2321
2247
2091
1929
1783
1673
1506
1376
1304
1147
1043
975
969
858
867
786
702
665
621
534
546
460
446
437
407
382
352
326
310
308
285
246
252
236
214
203
191
186
148
169
