54
54
58
64
80
72
80
85
88
111
109
128
122
175
167
187
173
207
207
233
226
281
275
303
332
373
388
371
391
467
482
461
549
552
573
604
592
650
656
673
743
720
767
863
831
928
939
999
1004
1147
1168
1284
1326
1378
1406
1506
1589
1613
1728
1777
1904
2000
2083
2203
2375
2439
2590
2982
3121
3376
3708
3989
4096
4391
4670
4715
4903
5067
5412
5565
5612
5736
5998
6047
6276
6550
6848
7058
7338
7483
8078
8311
8986
9371
9991
10691
11071
11102
10994
11598
11666
11307
11169
10937
10754
10387
10033
9477
8772
8407
8085
7539
7111
6760
6234
6018
5704
5439
5035
4816
4483
4180
4162
3889
3819
3658
3471
3322
3233
3254
3105
3019
2902
2803
2615
2601
2416
2307
2217
2052
1923
1907
1679
1613
1505
1411
1314
1310
1223
1108
1039
1056
949
887
954
838
814
792
749
767
661
686
655
606
596
526
508
500
502
406
389
414
384
359
346
323
291
277
254
257
221
222
205
198
159
131
149
134
120
129
95
106
90
80
73
67
60
59
44
55
