49
61
70
82
111
123
150
163
226
236
248
250
281
277
327
388
376
405
454
454
498
494
524
578
615
652
741
768
835
895
1011
1075
1165
1216
1249
1319
1488
1557
1777
1882
2111
2406
2713
2953
3272
3421
3770
4047
4167
4470
4677
5056
5441
5871
6415
7112
7798
8558
8974
9345
9399
9220
8755
8338
7380
6668
6185
5570
4883
4570
4027
3617
3166
2946
2761
2612
2351
2337
2192
2042
1919
1849
1738
1568
1458
1336
1242
1152
1057
926
836
793
784
675
703
630
570
540
510
432
448
377
368
354
344
308
277
268
237
251
229
186
175
153
126
112
90
72
56
47
