163
150
151
162
203
176
204
210
254
255
266
254
288
284
330
390
379
408
454
456
500
494
524
580
618
655
744
770
839
897
1012
1076
1168
1217
1252
1323
1489
1559
1782
1889
2112
2409
2713
2956
3277
3424
3772
4047
4168
4472
4681
5058
5441
5871
6415
7112
7798
8558
8974
9345
9399
9220
8755
8338
7380
6668
6185
5570
4884
4571
4027
3618
3167
2949
2765
2613
2355
2339
2194
2044
1921
1850
1740
1569
1459
1342
1246
1154
1060
926
837
794
787
676
704
631
574
541
511
434
450
380
371
355
346
312
281
272
242
261
238
209
212
185
182
154
155
143
118
130
