100
122
117
139
117
165
171
181
205
199
216
222
240
266
290
280
334
309
343
378
380
407
421
432
490
508
526
612
645
723
804
912
911
1066
1170
1365
1462
1535
1749
1862
2337
2588
3013
3358
3682
3852
4071
4326
4457
4682
4782
5086
5436
5573
6086
6812
7382
8168
8284
8135
8355
8004
7995
7692
7249
6410
5951
5375
4985
4552
4221
3805
3548
3276
3096
2873
2685
2601
2505
2370
2130
1931
1829
1575
1390
1205
1094
959
833
761
703
615
600
524
485
457
440
423
387
359
332
301
289
288
283
263
230
248
227
197
189
222
190
161
145
142
107
127
95
101
