27.916000
31.097666
34.881332
38.956665
43.818665
49.188332
55.089333
61.835999
69.713997
77.851334
87.038330
97.125000
108.236000
120.563667
133.453003
148.078003
163.295670
181.423996
200.052338
220.832336
245.511337
273.209656
306.578339
346.959656
394.264984
445.940338
501.784332
566.846313
641.323975
709.464661
797.658997
906.582642
1014.733337
1205.697266
1488.062622
1745.330688
1990.573364
2296.638428
2548.424316
2835.625244
3027.086914
3363.260254
3723.855957
4084.155273
4608.511719
5249.302734
6104.296387
6994.654785
7969.413086
8560.759766
8679.400391
8238.438477
7628.631348
6555.229492
5652.233398
4994.207520
4390.743652
3770.115723
3271.228516
2691.683350
2295.748535
2097.985596
1893.070312
1620.767944
1538.012939
1385.480347
1254.668701
1149.855957
1046.446655
906.568970
782.465637
688.165649
605.304993
524.226013
459.967651
410.607666
369.968994
330.520660
294.533661
262.153656
232.880325
207.866669
184.660004
164.949661
146.509995
130.368332
115.808662
103.330666
91.475334
81.212334
72.263664
64.027664
57.076000
50.450001
44.923000
39.883999
35.637333
31.807667
28.289999
25.226000
