30.368666
34.904331
39.569332
45.149334
51.549332
58.072998
65.794998
73.851997
83.005669
92.615669
103.617996
115.774330
129.445663
144.320999
161.250992
178.876999
198.591995
218.601334
240.689331
265.441650
295.096344
330.356995
371.258331
418.630341
477.556335
540.307312
606.101013
669.782654
713.984009
779.983337
886.140686
1008.530640
1173.473633
1331.497925
1593.634033
1880.335693
2211.030273
2448.451416
2727.050049
3117.203613
3232.552734
3530.668945
3897.004395
4443.434082
4910.598633
5427.820312
6225.487793
7221.055176
8178.534668
8842.917969
8745.281250
8376.287109
7774.448730
6791.620605
5868.716797
5219.448730
4446.291504
3777.499512
3285.638916
2746.769531
2364.349609
2127.871094
1971.996948
1696.070312
1614.756958
1451.371948
1359.182373
1227.873047
1105.263672
978.546631
899.835999
792.815674
703.410339
621.726013
549.516968
490.333649
437.496674
391.997650
354.178345
322.070984
290.425659
259.855316
231.308990
205.787994
183.481659
164.651993
147.785995
133.534668
119.801666
107.686996
96.377335
86.160995
75.833336
67.426003
59.164333
51.830334
45.363335
39.118668
33.965332
29.458334
