58.327332
65.870003
74.502998
84.595001
95.364334
107.197662
120.677666
135.481659
152.423004
170.569000
190.912659
212.987671
237.468338
264.624664
295.385010
327.047668
361.729675
400.226318
440.507996
486.969330
539.926636
603.857971
677.100342
765.412354
871.455627
986.386353
1108.147339
1236.691284
1354.950928
1489.422974
1683.955933
1915.245605
2188.425293
2538.121094
3079.724854
3626.649902
4202.245117
4745.327148
5275.372070
5953.256836
6258.198730
6894.247070
7620.748047
8527.667969
9519.416992
10676.830078
12329.485352
14215.997070
16148.170898
17403.523438
17424.769531
16614.265625
15403.124023
13347.210938
11521.210938
10213.814453
8835.979492
7547.992676
6556.750000
5438.747559
4659.998047
4225.560059
3865.051025
3316.985596
3152.457520
2837.213379
2614.880615
2377.284668
2150.749756
1886.421997
1682.359619
1480.558960
1307.515625
1146.567017
1009.460999
901.824646
807.312012
722.433655
648.909973
583.166687
524.226318
467.856659
416.329315
370.014984
330.467987
295.066650
263.783661
236.354004
211.494659
188.741669
168.393005
150.254333
133.091995
117.949669
103.804329
91.813995
80.981667
71.097000
62.287998
54.659332
