7.593203
8.044335
8.632854
8.971574
9.533339
10.354435
10.614518
11.097810
11.919736
12.870578
13.323796
14.055723
14.922150
15.846414
16.735237
17.532099
18.248167
19.148611
19.911438
20.871677
22.018028
22.801998
23.797920
25.538488
26.802528
28.066273
28.780382
29.767052
30.513412
31.743166
32.314209
32.594131
33.607208
35.037067
34.722832
36.414597
35.922405
34.701183
32.155304
31.634481
29.846283
27.334946
26.619871
25.234171
22.634632
21.225313
19.135094
16.095911
13.569608
9.679914
6.417277
9.842810
13.997125
16.663698
18.460283
20.147434
22.489483
23.959200
24.352354
25.680820
26.358431
27.658356
28.530153
30.237993
31.146881
32.175190
33.097675
33.871563
33.755585
33.555916
32.850380
31.990263
30.850742
28.919998
27.239527
25.985374
25.657684
24.811626
24.019121
22.255396
21.654640
20.521172
19.539759
18.036867
17.240496
16.160423
15.959943
14.501084
14.144139
13.417138
12.166918
11.796526
11.110657
10.686996
9.951837
9.469282
8.790891
8.430140
7.815076
7.320506
