4.906757
5.322227
5.758756
5.801705
6.102956
6.642304
7.076533
7.351839
7.955220
8.250890
8.793801
9.401007
9.676821
10.312835
10.803383
11.688720
12.014735
12.576701
13.249873
13.773103
14.545979
15.200052
15.700135
16.502602
17.877775
18.513506
19.503197
20.265379
21.051617
22.076277
22.848888
24.134346
24.025627
23.622353
25.637396
26.023829
25.115885
24.472107
23.716803
22.945332
21.760006
20.044798
18.956188
17.800314
16.346416
15.515390
14.070889
11.601180
9.690676
7.181041
4.689727
7.080061
10.048386
11.998450
13.441126
14.913597
16.432930
17.221249
17.934916
18.332762
19.114954
19.961967
20.642467
22.024338
23.000999
23.606598
24.045639
24.533319
24.256002
23.602686
23.112337
21.358793
20.627708
19.578617
18.910767
18.119644
17.129625
16.656538
15.491420
15.092422
14.386857
13.358372
12.872601
12.000444
11.439363
10.707531
10.221939
9.527820
9.082680
8.528288
8.113481
7.713736
7.043071
6.697483
6.380771
5.986333
5.600744
5.401835
5.138312
4.750579
