5.368149
5.889318
6.006209
6.703035
6.970158
7.287572
7.795762
8.517254
8.759940
9.314551
9.813571
10.342908
10.784518
11.474981
12.090219
12.714522
13.709347
13.829467
14.398123
15.516556
15.814712
17.125031
17.687639
18.007956
19.399130
20.546896
21.025845
21.999472
21.706423
22.201923
22.346529
22.583956
23.303770
23.447800
24.074369
24.344389
23.927954
23.467024
21.794338
21.170929
20.045044
18.685730
17.920418
16.885023
15.850468
14.533218
12.956382
11.242408
9.445802
6.664689
4.191522
6.999660
10.091448
11.967617
13.426782
14.532623
14.927632
16.242987
17.023216
17.457211
17.870045
18.907764
19.434374
20.367613
21.075104
21.927286
21.779284
22.370241
22.153429
22.900204
22.925421
22.381540
21.807655
21.385057
20.279253
18.949442
18.321297
17.494827
17.125057
16.416876
15.559494
15.310820
14.399142
13.486501
13.118220
11.808642
11.761759
10.990771
10.547958
10.163109
9.482384
8.889812
8.385364
8.067107
7.390593
6.981246
6.565797
6.189940
5.625597
5.375801
