z,vz_mean,vz_vars,evz_means,evz_vars
-550.0,-7.938876,340.07371290560695,34.890826755437445,49.604849241633794
-530.0,-7.938876,533.8232808975185,35.82787273885866,50.782768234671785
-510.0,-7.938876,613.1962406913364,28.970799245517522,41.01670034721887
-490.0,-7.938876,549.3363856344927,22.389279610971982,31.68955404462667
-470.0,-7.938876,496.0585540576053,17.115646178616043,24.2195996761162
-450.0,-7.938876,540.8133784006087,16.456427041699477,23.283684290449234
-430.0,-7.938876,480.8287021528375,12.82780123657643,18.147709893507002
-410.0,-7.938876,504.2437856187238,12.005804419493424,16.98358606131521
-390.0,-7.938876,499.7226576758184,10.707796362276817,15.146588416118574
-370.0,-7.938876,522.5096776740486,10.217825747530537,14.452951485014584
-350.0,-7.938876,469.8856081622016,8.657166540179292,12.245160778208867
-330.0,-7.938876,495.7109329097091,8.666063158913095,12.257537290405804
-310.0,-7.938876,480.2190703220724,7.941031567930235,11.2318503121171
-290.0,-7.938876,490.2884616824285,7.881269714644143,11.147238823953396
-270.0,-7.938876,482.5908249416783,7.524882208600757,10.643084388033495
-250.0,-7.938876,462.926447798572,6.926343363326956,9.79642531638867
-230.0,-7.938876,443.49359720454936,6.52549367572567,9.229440784948556
-210.0,-7.938876,428.1856544064374,6.010548275270193,8.501036469986458
-190.0,-7.938876,406.0468120556649,5.607183430406831,7.930511040985168
-170.0,-7.938876,403.12934618526594,5.335835498004594,7.546672017794321
-150.0,-7.938876,393.59623602975205,5.066969425036751,7.1663707381330335
-130.0,-7.938876,366.4887108380712,4.487429972922337,6.346660107367019
-110.0,-7.938876,332.69756365024193,3.918701936792821,5.542265891651741
-90.0,-7.938876,341.02134162691124,3.8690023892928167,5.471947828643575
-70.0,-7.938876,322.2648267951462,3.5233353196877,4.983046418139517
-50.0,-7.938876,313.33367451760796,3.3100063970785047,4.681317150641451
-30.0,-7.938876,297.73343599335385,3.129012977299086,4.425336981826267
-10.0,-7.938876,291.92061373803716,2.9571533176335314,4.182260918281673
10.0,-7.938876,295.4042132802485,3.028711711420705,4.283470322449524
30.0,-7.938876,293.9574238667665,3.047868778364585,4.310569070121296
50.0,-7.938876,310.0651827094591,3.2448440611076728,4.589153781130845
70.0,-7.938876,317.81897406902044,3.3827761355059107,4.784238897257666
90.0,-7.938876,328.218718064916,3.571817268392841,5.051611556458608
110.0,-7.938876,320.21123000486295,3.5996972474256252,5.0910623676846685
130.0,-7.938876,326.3059071027898,3.8695422824626613,5.472743997889399
150.0,-7.938876,346.55377225019356,4.263199078544056,6.029530202820858
170.0,-7.938876,360.6860855666596,4.597805999248694,6.502807962701372
190.0,-7.938876,356.42871057616946,4.667680904041112,6.601663746923278
210.0,-7.938876,383.9879612343683,5.305097980934173,7.503257644888467
230.0,-7.938876,399.6003370881847,5.682542570978147,8.037141467061899
250.0,-7.938876,395.84225704628113,5.898247106608532,8.34230720362644
270.0,-7.938876,438.88605454684324,6.861783981756783,9.7052142080585
290.0,-7.938876,453.2191525109291,7.29198724431102,10.31376228601127
310.0,-7.938876,470.04536875165854,7.981788828826676,11.289581810115605
330.0,-7.938876,482.5526354412427,8.644621194739651,12.227302711667594
350.0,-7.938876,673.4251348848891,12.92422187112703,18.28097682572852
370.0,-7.938876,566.3070071503641,11.724506344111775,16.58451059639042
390.0,-7.938876,562.0296987101872,12.576802258471941,17.79073924934938
410.0,-7.938876,561.5889101368565,13.608529500090953,19.2510199033525
430.0,-7.938876,623.5058099719679,16.994875004705303,24.04331577714591
450.0,-7.938876,652.7582827178294,18.95440022988895,26.816877853644062
470.0,-7.938876,660.3330688945731,22.13441475879355,31.320390217316273
490.0,-7.938876,788.3409662492729,30.343257938481827,42.943668818499766
510.0,-7.938876,688.8234165570985,29.94884419813472,42.394150682745625
530.0,-7.938876,619.3516887800988,30.550365833194142,43.25739831800721
550.0,-7.938876,712.6608271766577,45.16304485806819,63.99883155385742
570.0,-7.938876,704.1745843505953,56.19925001456494,79.73207098884956
590.0,-7.938876,564.7427829227577,77.57338714822207,110.75517193399368
