max_steps        abw_mean_dopri         abw_max_dopri         n                n_acc            n_rej             t_mean           t_std          
       256       2.8107585970530325e-07 9.128998890162165e-07 79               79               20               2.53e-04         6.17e-05        
       512       2.8107585970530325e-07 9.128998890162165e-07 79               79               20               2.11e-04         3.22e-05        
      1024       2.8107585970530325e-07 9.128998890162165e-07 79               79               20               2.24e-04         1.40e-05        
      2048       2.8107585970530325e-07 9.128998890162165e-07 79               79               20               2.79e-04         4.57e-05        
      4096       2.8107585970530325e-07 9.128998890162165e-07 79               79               20               2.33e-04         3.11e-05        
      8192       2.8107585970530325e-07 9.128998890162165e-07 79               79               20               2.41e-04         2.75e-05        
     16384       2.8107585970530325e-07 9.128998890162165e-07 79               79               20               2.87e-04         4.05e-05        
     32768       2.8107585970530325e-07 9.128998890162165e-07 79               79               20               3.29e-04         3.34e-05        
     65636       2.8107585970530325e-07 9.128998890162165e-07 79               79               20               4.90e-04         1.66e-05        
    131072       2.8107585970530325e-07 9.128998890162165e-07 79               79               20               9.62e-04         6.13e-05        
    262144       2.8107585970530325e-07 9.128998890162165e-07 79               79               20               1.25e-03         1.11e-04        
    524288       2.8107585970530325e-07 9.128998890162165e-07 79               79               20               1.98e-03         8.23e-05        
   1048576       2.8107585970530325e-07 9.128998890162165e-07 79               79               20               2.66e-03         5.47e-04        
   2097152       2.8107585970530325e-07 9.128998890162165e-07 79               79               20               3.79e-03         2.51e-05        
   4194304       2.8107585970530325e-07 9.128998890162165e-07 79               79               20               7.72e-03         1.25e-03        
   8388608       2.8107585970530325e-07 9.128998890162165e-07 79               79               20               1.75e-02         3.76e-03        
  16777216       2.8107585970530325e-07 9.128998890162165e-07 79               79               20               3.19e-02         5.47e-03        
  33554432       2.8107585970530325e-07 9.128998890162165e-07 79               79               20               6.56e-02         3.97e-03        
  67108864       2.8107585970530325e-07 9.128998890162165e-07 79               79               20               1.28e-01         6.59e-03        
 134217728       2.8107585970530325e-07 9.128998890162165e-07 79               79               20               2.56e-01         6.54e-03        
 268435456       2.8107585970530325e-07 9.128998890162165e-07 79               79               20               5.14e-01         4.16e-03        
 536870912       2.8107585970530325e-07 9.128998890162165e-07 79               79               20               1.07e+00         8.06e-02        
1073741824       2.8107585970530325e-07 9.128998890162165e-07 79               79               20               2.29e+00         2.25e-01        