81.259003
92.695335
105.789001
120.490662
137.136337
156.022339
176.133331
199.089996
224.011993
251.378998
281.501007
314.293671
349.352661
387.519653
429.590668
476.452667
526.938660
582.629639
644.579346
712.267639
790.012329
878.824646
982.041992
1107.947998
1260.358276
1425.196289
1594.292969
1751.879272
1881.090942
2052.887939
2318.324219
2585.676270
2872.037598
3232.303711
3858.358887
4536.810059
5160.684570
5772.431152
6430.270508
7057.427734
7529.037109
8223.294922
8975.452148
9909.602539
10963.102539
12280.576172
13797.008789
15624.789062
17385.556641
18542.623047
18652.677734
18004.623047
16584.078125
14670.512695
12917.244141
11574.616211
10084.645508
8753.427734
7740.845703
6602.815918
5712.710449
5154.777832
4712.788574
4170.687500
3959.657959
3633.674072
3369.914307
3076.605713
2801.459229
2509.712891
2221.008057
1973.047974
1753.683594
1564.224976
1393.852661
1245.100952
1126.181641
1024.951294
929.097351
840.823669
757.411011
679.671631
608.322632
541.602966
481.618652
429.270325
383.820648
342.656006
306.048004
273.872009
244.233658
217.095001
191.729660
169.598328
148.746002
130.836334
114.503662
100.168663
86.749001
75.623665
