-1800.000000
-1764.000000
-1728.000000
-1692.000000
-1656.000000
-1620.000000
-1584.000000
-1548.000000
-1512.000000
-1476.000000
-1440.000000
-1404.000000
-1368.000000
-1332.000000
-1296.000000
-1260.000000
-1224.000000
-1188.000000
-1152.000000
-1116.000000
-1080.000000
-1044.000000
-1008.000000
-972.000000
-936.000000
-900.000000
-864.000000
-828.000000
-792.000000
-756.000000
-720.000000
-684.000000
-648.000000
-612.000000
-576.000000
-540.000000
-504.000000
-468.000000
-432.000000
-396.000000
-360.000000
-324.000000
-288.000000
-252.000000
-216.000000
-180.000000
-144.000000
-108.000000
-72.000000
-36.000000
0.000000
36.000000
72.000000
108.000000
144.000000
180.000000
216.000000
252.000000
288.000000
324.000000
360.000000
396.000000
432.000000
468.000000
504.000000
540.000000
576.000000
612.000000
648.000000
684.000000
720.000000
756.000000
792.000000
828.000000
864.000000
900.000000
936.000000
972.000000
1008.000000
1044.000000
1080.000000
1116.000000
1152.000000
1188.000000
1224.000000
1260.000000
1296.000000
1332.000000
1368.000000
1404.000000
1440.000000
1476.000000
1512.000000
1548.000000
1584.000000
1620.000000
1656.000000
1692.000000
1728.000000
1764.000000
1800.000000
