<<<<<<< HEAD
37
45
71
91
94
128
143
188
214
239
293
326
426
459
548
559
638
708
808
820
941
1066
1173
1307
1464
1711
1905
2001
2211
2441
2740
3006
3440
3926
4591
5469
6165
6970
7468
8423
8968
9934
10730
11840
13093
14527
16599
18787
20714
=======
196
211
206
230
235
268
300
315
342
337
377
404
479
504
592
577
658
716
813
831
951
1073
1185
1319
1472
1723
1914
2017
2218
2456
2748
3017
3453
3946
4606
5479
6178
6987
7490
8435
8982
9947
10743
11843
13097
14527
16599
18787
20715
>>>>>>> Parallax-over-error-via-additional-error-prior
22219
22497
21685
19967
17437
15480
<<<<<<< HEAD
13733
12334
10578
9367
7985
6829
6188
5590
4961
4718
4326
3981
3654
3348
3016
2693
2334
2045
1906
1609
1438
1303
1240
1138
995
880
815
726
612
573
515
436
435
343
300
242
241
167
151
120
105
82
58
52
36
=======
13734
12337
10583
9377
7995
6838
6200
5602
4975
4728
4333
3989
3666
3359
3025
2702
2348
2057
1911
1614
1443
1313
1246
1150
997
893
824
731
624
588
537
463
480
404
364
324
316
276
266
257
228
197
173
175
181
>>>>>>> Parallax-over-error-via-additional-error-prior
