<<<<<<< HEAD
0
0
0
2
3
16
14
31
50
77
100
151
171
212
258
250
307
343
402
412
457
488
565
625
724
857
933
951
1124
1292
1395
1516
1680
2015
2306
2792
3104
3561
3748
4206
4538
5078
5424
5895
6527
7361
8359
9554
10358
=======
96
124
94
104
114
130
145
148
168
172
179
225
222
256
298
267
320
350
405
421
461
494
574
633
731
863
941
961
1126
1297
1402
1521
1689
2025
2317
2795
3114
3571
3761
4213
4544
5084
5430
5897
6529
7361
8359
9554
10359
>>>>>>> Parallax-over-error-via-additional-error-prior
11148
11237
10961
10000
8789
7918
6905
<<<<<<< HEAD
6325
5460
4791
4055
3575
3197
2883
2556
2410
2161
2073
1868
1699
1553
1369
1195
1027
913
783
732
677
631
550
494
416
402
375
299
266
258
192
185
138
112
77
61
33
29
13
10
8
2
1
0
=======
6326
5464
4793
4059
3579
3205
2890
2566
2415
2163
2078
1876
1702
1558
1375
1204
1035
915
784
736
685
635
556
495
427
408
380
307
277
277
216
227
196
171
155
132
136
129
128
115
103
82
90
96
>>>>>>> Parallax-over-error-via-additional-error-prior
