51.699665
58.904331
67.698334
76.825996
87.300667
99.012329
111.817665
126.066002
141.716003
159.615662
178.011658
199.021332
221.102005
246.300995
272.792664
301.560669
332.197998
365.773315
403.446991
447.412994
496.710327
552.868652
614.594971
681.997681
764.529663
858.490295
959.033325
1041.593628
1104.168335
1191.910278
1344.178711
1518.067261
1737.601685
1941.867310
2280.949951
2652.562012
3096.471680
3406.525635
3734.340576
4233.226074
4424.229492
4859.760742
5324.764160
5935.946777
6570.020508
7180.294434
8230.039062
9232.018555
10352.065430
11075.532227
11257.676758
10722.464844
9969.910156
8647.749023
7562.475098
6827.805176
6003.171387
5144.161133
4571.686523
3916.271729
3277.573975
2992.411621
2719.776367
2407.801025
2311.010010
2154.864746
1927.225342
1803.751587
1656.305664
1467.368652
1304.754639
1155.626953
1049.244019
949.654663
839.422668
737.972656
664.944641
609.128967
557.897644
506.240997
457.070343
410.911652
367.860657
330.449982
297.243652
268.252319
241.674332
217.371994
195.604996
174.652664
155.600998
137.991669
121.652000
107.013329
93.889336
82.232666
71.709335
62.229332
54.092999
46.766998
