102.048996
114.908669
130.257004
146.605331
164.629333
186.490997
209.885330
235.471329
264.825012
297.001007
332.565674
372.172668
416.079651
463.818665
516.136353
572.768005
635.535339
703.418335
778.612976
864.807312
962.975342
1072.669678
1195.900635
1337.811646
1502.783691
1689.244995
1882.382935
2066.315674
2243.365723
2460.389648
2748.799072
3066.021973
3455.260010
3948.230957
4643.775391
5417.669434
6215.555176
6951.689941
7524.354492
8428.389648
9006.172852
9901.865234
10767.365234
11835.092773
13099.300781
14546.157227
16580.455078
18802.908203
20704.386719
22224.414062
22496.458984
21681.269531
19967.148438
17450.273438
15460.576172
13745.142578
12326.346680
10620.391602
9346.780273
8002.561035
6860.651367
6178.981934
5614.166504
4976.920410
4714.713379
4356.067871
3994.687988
3680.174072
3372.130859
3014.470703
2673.847900
2358.698975
2099.764893
1875.443970
1668.747925
1488.600952
1342.785034
1220.562378
1106.303955
997.355347
894.124634
799.511963
713.966675
637.512634
568.532349
508.471649
454.125671
406.153320
361.688995
322.061005
285.803345
253.218658
224.209671
198.145660
175.206665
154.025330
135.307999
119.327667
105.065331
92.254333
