80.545998
91.231667
102.747665
115.765999
130.349335
146.407669
164.822662
185.149994
207.030670
231.666992
258.878998
288.885986
322.788666
358.418335
398.473328
441.928314
488.795654
540.101013
595.286316
660.162354
733.181335
815.637329
908.308350
1014.019653
1141.007324
1286.055664
1445.099609
1603.877686
1750.715332
1909.914307
2130.121582
2379.356934
2715.913574
3164.646973
3764.103027
4442.133301
5110.249512
5758.323730
6282.750488
7013.627930
7450.709961
8184.385742
9071.946289
10049.691406
11148.236328
12409.745117
14255.591797
16402.720703
18416.031250
19855.769531
20077.500000
19343.005859
17610.152344
15268.077148
13356.916016
11790.641602
10476.599609
8985.004883
7773.259766
6571.911133
5545.191406
5060.400391
4570.735840
3965.854980
3787.120361
3447.920410
3156.354980
2899.622559
2648.528076
2392.847656
2119.804199
1860.453003
1641.791626
1458.271606
1301.271973
1164.940674
1052.259277
950.966980
859.393311
769.658020
688.097351
614.700317
549.185669
489.577332
437.438660
391.675659
350.411652
313.212006
280.516998
249.384323
222.237671
198.093002
175.143005
154.906998
137.196335
120.688995
106.485329
93.848999
82.779663
72.698334
