50.133331
56.040665
62.543331
69.811668
78.295670
87.366333
97.470001
109.751999
122.880333
137.699005
154.903671
173.289337
193.768997
217.214325
243.152328
271.030670
303.399994
338.005005
376.845001
418.834656
465.526337
519.646301
582.619324
655.326355
739.739685
829.815979
921.926636
1022.705017
1140.828613
1268.949341
1404.861694
1547.118652
1718.793701
2005.463623
2363.058350
2765.289551
3117.334961
3545.265381
3790.891846
4194.842773
4582.787598
5041.702148
5443.161621
5898.873047
6528.542480
7366.032715
8350.004883
9571.696289
10351.789062
11149.293945
11238.681641
10958.606445
9996.898438
8803.279297
7898.640137
6917.401367
6323.138672
5475.936035
4774.870117
4085.347900
3584.014648
3187.461914
2893.811523
2568.979736
2402.604736
2201.472412
2069.211670
1875.493286
1714.249023
1548.066650
1369.808350
1202.507690
1049.141602
926.788635
829.343994
748.508667
677.754639
611.740356
548.753662
491.350983
437.045990
389.019318
345.769318
306.247345
271.089661
240.594666
212.815338
188.423325
166.819672
147.573669
130.508331
115.497002
102.998001
90.972000
80.876999
72.108330
64.361664
56.946667
50.885334
45.544666
