39.838333
45.381332
51.841999
59.045998
67.121002
75.556000
85.262329
95.895332
107.764336
120.552002
134.709000
150.280334
167.138992
185.432663
204.956329
226.645325
248.976990
274.058655
301.856995
334.131317
370.358673
412.116333
457.214325
506.261322
568.752991
644.264343
732.263000
814.984985
873.922668
941.636658
1051.770630
1179.040649
1359.390991
1549.856323
1850.146362
2191.633301
2559.988281
2811.406250
3116.225342
3521.604004
3656.273193
3990.337891
4476.889160
5057.323242
5590.735352
6102.102539
7043.446777
8015.322754
9225.431641
9901.036133
10092.118164
9568.386719
8815.555664
7540.315430
6536.097168
5856.676758
5061.212402
4335.823730
3791.607178
3177.236328
2651.488281
2461.916748
2214.581055
1915.142334
1853.903320
1698.917969
1542.859619
1436.322632
1301.496338
1168.568359
1038.431030
908.534302
814.151978
731.912964
656.112305
586.216003
529.329651
479.579987
435.088654
392.136322
351.389008
314.074341
281.398987
251.854324
225.582001
203.110992
183.186996
164.625992
148.468994
132.462006
118.292999
104.847336
92.769669
81.990669
71.909996
62.888000
55.226665
47.814667
41.509666
36.080666
