40.890999
45.498665
50.678333
56.714333
63.349331
70.707001
79.293663
88.521667
99.477997
111.109665
124.150330
139.472000
154.874329
173.387665
193.095993
215.033997
238.965332
265.735321
295.608002
327.105011
362.502655
402.759003
450.756653
506.919006
573.106323
642.033630
713.208008
788.432007
875.318970
969.372986
1076.581299
1202.733643
1355.350342
1613.536011
1915.434937
2249.905273
2550.435059
2947.476074
3165.862549
3492.637939
3794.654053
4193.612793
4596.250488
4991.862793
5557.268066
6306.930664
7212.593262
8387.238281
9191.117188
9954.568359
9985.229492
9774.562500
8794.739258
7727.262695
6821.527832
5933.662598
5415.678711
4648.508789
3982.093994
3394.645996
2893.934570
2598.960693
2355.387939
2050.728760
1932.230957
1749.338623
1614.781616
1463.764038
1346.599609
1223.637695
1082.319946
950.956299
827.286316
725.747314
645.190979
580.320312
523.166687
470.949982
422.961670
377.880341
336.794983
300.690002
267.890991
238.380005
211.961334
188.570999
167.665665
148.888992
132.071671
117.495667
104.124329
92.317665
82.162331
73.120667
64.907333
58.102001
51.320667
45.893665
40.996666
36.565334
