6.359607
6.756815
6.983728
7.401103
7.797322
8.300810
8.739387
9.565042
9.994639
10.458079
11.172585
11.596640
12.228480
12.588681
13.383018
14.278823
15.113844
15.466168
16.540340
17.272099
17.920389
19.378496
20.166119
20.663818
22.442257
23.664303
23.692780
25.040230
25.814569
26.976566
27.567579
28.053408
28.977638
29.614710
30.317160
30.670767
30.588753
29.614363
27.205572
26.447950
24.731979
23.031996
22.177822
19.878714
18.326178
16.717836
14.858852
12.783290
10.511866
7.406062
5.376200
8.130776
10.812663
12.601525
14.665297
16.175722
18.121449
19.652617
20.375023
21.020100
22.152758
23.559404
24.568815
25.869818
26.930233
27.247389
28.228266
28.070204
29.299641
28.646034
27.732880
26.376814
24.586754
24.295696
23.351822
22.096331
20.869133
19.911043
19.372351
18.678284
17.318207
16.228279
15.435863
15.107845
14.231164
13.445689
12.542527
11.705142
11.245651
10.475394
10.020063
9.385846
8.860332
8.426650
8.041743
7.571572
7.008629
6.791790
6.301367
5.904068
