6.315813
6.508920
7.198910
7.833369
7.917865
8.448115
8.884283
9.567387
10.220255
10.799205
11.331628
11.904691
12.721725
12.978249
13.907632
14.484180
15.010116
15.366064
16.515997
17.253773
18.262308
18.976902
19.639662
20.489159
20.821363
21.828543
23.303766
23.951715
24.201843
23.985018
25.029242
24.701061
24.747477
26.310944
26.403776
25.982454
26.054222
25.630169
24.169456
22.733313
22.382277
20.565765
19.248808
17.730772
16.285730
15.012717
13.875974
12.212328
9.993095
7.137718
4.853831
7.730395
10.786364
12.544415
13.999171
14.992989
16.506142
17.597374
17.925892
18.375847
19.091761
19.906425
20.979771
21.659651
22.654545
23.569212
24.514042
25.254000
25.151995
25.301502
25.126143
24.246487
23.364164
22.903440
21.752012
21.160843
20.648239
20.076370
19.106731
18.569221
17.660303
16.584787
15.879269
15.067408
14.383796
13.572155
12.962872
12.721271
11.888741
11.100074
10.571458
10.150979
9.438943
8.645818
8.107598
7.770301
7.166665
6.965809
6.284616
5.976738
