7.067634
7.431078
8.012661
8.620083
8.987650
9.544835
10.401049
10.839255
11.356716
12.074790
13.134904
13.729010
13.921310
15.197895
15.727051
16.625757
17.095406
18.365740
18.874708
19.687956
20.872524
21.671471
22.773006
23.468985
24.609396
25.072365
26.720083
27.551569
28.166821
27.482857
27.962797
28.466524
28.284101
28.406137
29.072689
29.061916
28.423742
28.080030
26.257425
25.363403
23.622284
22.381922
20.288717
19.454159
17.807131
15.596991
14.528174
12.779937
10.781877
7.656575
5.132729
7.986532
11.186659
13.388836
15.355324
16.207499
17.567799
18.859825
19.613823
20.467947
20.997875
21.827436
22.596634
23.846794
25.567814
26.436918
27.148153
28.201191
28.704266
28.696526
27.577709
27.187342
26.823290
25.548014
25.003674
23.917160
22.748482
22.025063
22.069925
20.808779
19.868273
19.440588
18.047194
17.622892
16.680939
15.975807
14.747319
14.178833
13.317010
12.495603
11.983085
11.330301
10.729893
10.249269
9.559196
8.757441
8.370794
7.628290
7.312102
6.535463
