9.897369
10.526693
11.177116
11.949191
12.650611
13.522779
14.489680
15.125346
16.120287
16.285149
17.622311
18.780462
19.203358
21.177156
21.810785
22.930971
24.520477
25.395111
26.482744
27.427109
28.567989
30.703117
31.533573
33.144348
34.588654
37.173714
38.756268
40.062656
41.029541
40.426044
41.708981
42.908092
43.650311
44.365292
43.740421
45.752136
45.369774
42.649609
40.927608
38.355316
36.349033
33.718689
30.927605
29.223520
25.950071
23.828947
21.688772
18.791956
14.855978
10.414577
7.653448
11.639312
16.276535
19.003571
21.342871
23.952251
26.584255
28.585440
29.237921
30.800396
32.833496
33.596863
35.863411
37.015446
39.752724
40.103043
41.594967
42.587036
43.373718
42.214104
42.322105
40.397083
39.454918
37.622559
36.592323
34.860497
33.690144
31.639193
30.845346
29.849491
27.601748
26.312366
25.227585
23.704159
23.339493
21.481689
20.336628
19.268789
18.128702
17.463743
16.332653
15.604915
14.531808
13.987531
13.024817
12.245162
11.414460
10.788223
10.051969
9.348946
