9.060311
9.560847
9.946070
10.762428
11.237380
12.141194
12.548295
13.430002
14.065881
14.969440
15.539976
16.756430
17.413532
18.356878
19.168997
20.431732
21.380465
21.979305
23.453110
24.394844
26.005625
27.232855
27.775429
28.869322
31.055693
32.061687
33.762726
34.542057
35.810490
36.090530
36.647343
36.795708
37.504822
39.365761
41.156025
41.327564
40.952663
39.037857
36.035545
34.819904
32.965561
30.494518
28.671721
26.754475
24.769766
22.227850
20.533129
17.601017
14.199889
10.238696
7.200830
11.196074
15.215966
17.876139
20.459141
22.531130
24.723898
26.370693
28.252903
28.619036
29.374962
30.253273
32.825806
34.496521
36.392342
36.034412
37.493317
38.694023
38.500225
37.814766
36.560738
35.725609
34.902527
33.396679
31.801874
30.172834
29.796555
28.931486
27.678476
25.664669
25.154074
23.791046
22.204163
21.342146
20.133703
19.075983
17.866392
16.974268
16.237289
15.597084
14.300188
13.603064
13.000162
12.182055
11.629684
10.771921
10.244711
9.551123
8.841748
8.288400
