6.866290
7.497939
7.669185
8.285836
8.867983
9.324294
9.780473
10.034677
11.049014
11.617776
11.965065
13.086942
13.468089
14.307806
15.110368
16.333706
16.744396
18.309889
18.881115
19.893799
20.865501
21.404408
22.630257
23.630560
25.306190
27.320120
27.842491
29.128523
29.803356
30.478676
31.548180
32.537182
32.609100
33.210384
33.661949
34.059601
34.663025
32.636440
30.576931
28.859844
26.960716
25.021042
22.959761
21.134352
19.304276
17.723196
15.935964
13.350089
10.794826
7.614431
5.476392
8.049403
11.282069
13.602237
15.793318
17.273844
19.393164
20.606037
22.487509
23.417494
24.277416
25.320734
26.909296
28.572388
29.008404
30.936584
32.402134
32.581249
32.363255
31.295782
31.314402
29.694925
28.787043
27.080050
26.584667
25.333019
24.265039
23.387373
21.997856
21.392826
19.646353
18.383696
18.108841
16.658230
16.454418
15.136316
13.865208
13.623974
12.763390
11.769229
11.338906
10.617921
10.059907
9.438410
8.826391
8.436448
8.010051
7.565904
7.039889
6.590282
