<<<<<<< HEAD
37
45
71
89
91
112
129
157
164
162
193
175
255
247
290
309
331
365
406
408
484
578
608
682
740
854
972
1050
1087
1149
1345
1490
1760
1911
2285
2677
3061
3409
3720
4217
4430
4856
5306
5945
6566
=======
100
87
112
126
121
138
155
167
174
165
198
179
257
248
294
310
338
366
408
410
490
579
611
686
741
860
973
1056
1092
1159
1346
1496
1764
1921
2289
2684
3064
3416
3729
4222
4438
4863
5313
5946
6568
>>>>>>> Parallax-over-error-via-additional-error-prior
7166
8240
9233
10356
11071
11260
10724
9967
8648
7562
<<<<<<< HEAD
6828
6009
5118
4576
3930
3254
2991
2707
2405
2308
2165
1908
1786
1649
1463
1324
1139
1018
993
826
706
626
609
588
501
464
413
351
313
307
257
244
250
205
188
165
180
134
122
107
95
74
56
51
36
=======
6829
6011
5119
4584
3936
3259
2995
2712
2409
2313
2170
1911
1790
1657
1467
1327
1144
1022
996
830
707
628
611
594
502
466
416
351
317
311
260
247
253
208
193
169
184
140
137
129
113
94
91
85
85
>>>>>>> Parallax-over-error-via-additional-error-prior
