65.852669
74.473999
83.888000
94.858330
106.586662
120.015663
134.223328
150.201996
167.876663
188.056335
209.205338
233.165329
259.688324
288.527344
319.647003
352.708984
388.411987
426.441010
470.469666
519.888000
575.844666
634.008667
698.127686
768.273315
853.471008
955.831665
1064.463989
1151.156372
1206.845703
1290.269287
1440.793335
1615.796997
1848.586670
2052.509277
2388.802246
2781.236328
3232.502197
3543.498535
3883.314941
4403.838379
4595.428223
5053.520508
5516.725098
6133.731934
6772.929199
7398.629395
8457.284180
9438.326172
10592.311523
11313.260742
11537.125000
10974.059570
10216.266602
8869.427734
7763.942383
7016.058594
6197.457031
5341.122559
4752.069824
4090.701172
3429.115723
3133.127930
2856.337402
2544.169922
2445.070312
2272.377197
2040.320312
1908.635986
1763.807373
1575.554932
1411.597046
1254.838379
1136.172607
1030.843018
922.320679
819.726318
743.733643
684.859985
629.253662
577.330322
523.874023
473.653992
427.291992
383.800995
345.234985
310.999329
279.793671
252.825668
227.406662
204.028336
183.066330
163.207001
145.949326
129.663330
114.797333
101.977333
89.849335
79.269333
69.433334
60.692665
