119.949333
135.021332
152.210327
172.255005
194.180328
218.955994
246.529663
277.234650
311.126007
349.221649
391.052338
438.172668
489.809998
546.110352
607.585632
676.750977
748.362305
829.058655
916.703308
1014.946350
1124.676270
1245.710938
1379.990356
1530.536011
1707.751709
1904.833008
2110.159424
2302.884521
2484.174561
2696.377930
2984.525879
3305.391602
3704.779297
4207.530762
4931.056641
5710.120117
6507.926758
7231.153809
7836.511719
8767.094727
9359.563477
10292.576172
11163.445312
12226.927734
13512.737305
15005.971680
17048.201172
19245.816406
21209.626953
22703.095703
23053.035156
22197.937500
20437.279297
17909.947266
15889.519531
14149.215820
12695.906250
11007.051758
9703.446289
8330.435547
7175.161133
6496.542480
5915.897461
5259.384766
4977.248047
4613.595215
4245.928711
3917.142334
3599.905029
3242.940918
2896.886963
2569.984863
2299.756592
2071.166260
1859.059692
1671.518311
1518.790039
1387.107300
1265.336670
1147.855713
1034.644287
930.515991
834.249634
747.175964
668.817322
598.093323
535.898315
478.904999
426.048004
380.156677
338.213989
300.143341
265.653320
234.834991
207.913666
183.078339
161.363663
142.633667
125.926331
110.649330
