64.997002
71.375664
79.427666
87.886665
97.435669
107.770332
119.587662
133.033997
147.186325
163.270660
181.967331
201.704330
224.151993
249.518661
278.255676
310.324005
346.080658
386.248993
431.086334
481.249664
537.435974
600.555298
674.102356
758.603638
853.159668
951.081970
1049.943359
1155.669678
1280.677979
1410.861328
1546.503662
1692.453613
1857.203613
2157.656006
2544.244873
2928.037598
3275.851074
3686.978271
3951.443848
4363.204102
4765.907715
5238.916504
5644.529785
6092.945312
6741.043945
7607.197266
8590.927734
9807.180664
10617.951172
11389.452148
11515.954102
11223.950195
10220.634766
9041.025391
8124.141113
7134.533203
6499.065918
5664.355957
4952.734375
4238.861328
3745.984619
3362.541016
3058.544189
2716.969727
2530.738525
2340.422363
2208.046387
2009.315308
1835.772339
1670.585693
1487.715698
1320.321045
1168.917603
1043.788330
940.320312
852.282654
771.619629
696.676636
626.625977
561.014648
500.337006
445.280334
395.773315
352.125671
312.667664
277.868652
246.763336
219.128326
195.452332
174.196335
155.712326
139.477005
124.820000
112.071663
100.601669
90.439331
81.333000
73.203003
66.028336
59.372665
