8.017299
8.176724
8.864139
9.184658
9.920517
10.321777
10.823648
11.087492
11.763974
12.483055
13.225930
13.965693
14.644238
15.126266
16.202257
17.133541
17.871243
18.868536
19.563566
21.532825
22.484093
23.324499
25.009552
25.869139
27.446796
27.860390
29.146410
31.194117
31.631216
32.205143
32.797398
33.555592
34.629726
34.299950
34.671570
34.964073
34.906307
33.050919
30.797094
29.651638
27.553263
25.523907
23.372986
21.792406
19.899557
17.747164
16.292055
13.622143
11.143415
7.900036
5.732035
8.465466
11.375192
13.673442
16.153606
18.200603
19.251629
21.350185
23.225534
23.808060
25.503410
26.595615
28.294336
30.122248
30.759829
32.366772
33.315815
33.645020
33.520847
32.701260
32.733246
30.775331
30.241390
28.705299
28.006378
26.995018
25.587013
24.579901
23.863470
22.708317
21.776857
20.527401
19.259861
17.927624
17.081427
15.930077
15.254122
14.719469
13.762444
13.001365
12.164110
11.579674
11.082322
10.466154
9.709605
9.358785
8.786913
8.370174
7.932245
7.725694
