10.849516
11.321348
12.092291
12.676889
13.674945
14.534184
15.225409
16.358528
17.086742
18.259985
19.322302
20.245974
21.497705
22.561970
24.030033
25.369776
27.021988
27.977957
29.439230
30.073957
31.272442
32.481304
34.491547
35.611675
37.446934
38.491768
40.147121
42.386314
43.686806
44.099949
43.824997
44.483166
44.515472
45.539124
45.831177
45.681938
44.751064
44.326336
41.192558
39.091099
37.780098
34.637535
31.935804
29.722363
27.010063
24.184689
22.729698
19.493227
15.474692
10.806626
7.715616
11.769982
16.462563
19.265289
22.025547
24.357508
26.474373
28.045660
29.512712
32.260693
33.699539
35.146759
37.200932
38.917385
40.359718
43.171021
44.000259
43.776905
44.842766
45.122356
43.637180
42.350071
41.314342
39.799160
38.250992
36.629154
35.899788
33.905796
32.776459
32.721161
29.913332
28.729048
27.312855
26.209503
25.055696
22.962849
22.582130
20.756226
19.753408
18.868303
17.693649
17.024416
15.947412
14.835423
14.247451
13.396791
12.688095
12.004506
11.297704
10.570223
