7.815496
8.493058
8.776472
9.523856
10.148932
10.662082
11.336179
11.885325
12.236204
13.114058
14.187398
14.683115
15.479785
16.545830
17.235180
17.702225
18.667559
20.425659
20.498631
21.231213
21.952204
23.826565
23.673067
25.221008
25.775608
27.116091
28.090540
28.620581
28.808735
29.176895
28.881897
29.886499
29.850777
29.897524
30.471169
30.362352
29.843987
28.526571
26.399004
25.985815
24.835199
22.784922
21.613073
20.425114
18.519142
16.175552
14.512751
13.207451
10.829966
7.475682
5.262067
8.395111
11.590010
13.294423
15.531015
17.232746
18.233969
18.775581
20.282444
21.090513
21.411907
22.417950
23.716305
25.327633
27.486927
28.077473
28.461630
28.760794
28.865654
29.119965
29.545000
29.201490
28.203747
27.054272
26.346117
25.982771
24.490393
24.168045
22.608355
21.958126
21.375090
20.256531
19.828915
18.312050
17.697086
16.924995
16.073826
15.553045
14.644844
14.028584
12.917567
12.447669
11.713490
11.207877
10.627914
9.779709
9.201930
8.677820
8.306135
7.642536
