z,vz_mean,vz_vars,evz_means,evz_vars
-555.0,-7.937868,585.466044503754,87.27612493522074,124.82178009008605
-545.0,-7.937868,634.4593112225273,91.57631353104767,130.87896269632694
-535.0,-7.937868,373.8296449541839,44.681188666655935,63.64498533169466
-525.0,-7.937868,462.68744413710573,47.72256602601894,67.85177883931013
-515.0,-7.937868,598.7612620478859,49.896771837323826,70.81099129739647
-505.0,-7.937868,591.8645760476841,41.03842455905155,58.177113914172935
-495.0,-7.937868,616.0390215054788,41.34583195315246,58.6039762073107
-485.0,-7.937868,578.3571811879756,33.673256955717335,47.70209632094726
-475.0,-7.937868,484.57778429932955,25.39877717466458,35.968736733994156
-465.0,-7.937868,644.0262074866355,30.225647565769133,42.79267519636851
-455.0,-7.937868,583.9924482805457,25.634423344585937,36.28752509345506
-445.0,-7.937868,547.5953565852341,23.30720617531731,32.99126401189252
-435.0,-7.937868,560.5146964297185,22.070244618957428,31.236262814857
-425.0,-7.937868,523.825067389665,19.481263872826453,27.569740388929738
-415.0,-7.937868,588.2094615842211,19.661673880252593,27.821352859589812
-405.0,-7.937868,555.1810878422391,18.53695697847824,26.229840911372673
-395.0,-7.937868,600.0068902533715,18.429065137468527,26.07493625969506
-385.0,-7.937868,533.2366570509598,16.203385657376202,22.92563451623656
-375.0,-7.937868,658.6261583141197,19.044667096830814,26.944493275072052
-365.0,-7.937868,609.2470938624514,17.728358176685425,25.082305917425664
-355.0,-7.937868,596.5014069345368,16.81787622239686,23.79352741101082
-345.0,-7.937868,561.4624920534952,15.88055742051698,22.467488475648466
-335.0,-7.937868,575.2430453304289,16.329221721547146,23.102316641306842
-325.0,-7.937868,585.1589869806405,16.069490875151686,22.73426605142378
-315.0,-7.937868,581.1237814366248,15.62635039662654,22.106990510963083
-305.0,-7.937868,560.0796047672693,14.974105924287443,21.18415621404563
-295.0,-7.937868,590.2787366905703,15.826816757532228,22.390548718748303
-285.0,-7.937868,557.2363945628657,14.306937607156549,20.239737274510002
-275.0,-7.937868,525.7887563533128,13.648796050583856,19.308819248000116
-265.0,-7.937868,561.9639764332442,14.423564172258788,20.404722100361102
-255.0,-7.937868,508.7293198044562,12.818773950948929,18.134241790666888
-245.0,-7.937868,538.6209424906439,13.341032228197694,18.87285882186096
-235.0,-7.937868,511.4087659098527,12.499436686218418,17.682155080978017
-225.0,-7.937868,484.7314665794505,11.557616860748862,16.34958658337881
-215.0,-7.937868,553.9461007629957,13.185456030674194,18.65233544101718
-205.0,-7.937868,506.32515567814323,11.513338410781056,16.286530454956115
-195.0,-7.937868,512.5106058394979,11.867614731238065,16.787843071634338
-185.0,-7.937868,508.86553012862436,11.808563829993268,16.70432939161533
-175.0,-7.937868,485.1030699172372,10.871723362996818,15.378801191038768
-165.0,-7.937868,452.04872963162245,10.113174738135692,14.305769343741641
-155.0,-7.937868,481.0397809182611,10.47969698044917,14.824047825972258
-145.0,-7.937868,483.68046810044336,10.544735302317596,14.916052786807073
-135.0,-7.937868,442.3336366034876,9.404969783704722,13.303643314417208
-125.0,-7.937868,455.13065696965043,9.278724466650788,13.12482578563323
-115.0,-7.937868,388.21359415395233,7.96933108628864,11.272711558159603
-105.0,-7.937868,411.04154037523017,8.225767749681657,11.635322406157293
-95.0,-7.937868,395.89460176829107,7.8077975094373215,11.04404114941359
-85.0,-7.937868,414.41677468531475,8.119578082052572,11.485022074807535
-75.0,-7.937868,377.28551745748496,7.255490720336249,10.262711244544994
-65.0,-7.937868,397.0095947537235,7.4629027956002485,10.556003531285086
-55.0,-7.937868,404.5697761363991,7.485617929290313,10.588074959337932
-45.0,-7.937868,356.18871372113347,6.6245458204306855,9.370143255278428
-35.0,-7.937868,361.1597634784345,6.675564534713368,9.442287002551346
-25.0,-7.937868,368.7787246864833,6.758906533469674,9.560143088604345
-15.0,-7.937868,346.624535724245,6.201600531868018,8.771791628876876
-5.0,-7.937868,332.59929111837766,5.9326554791950095,8.391376876861584
5.0,-7.937868,353.98959404494053,6.35886650163192,8.994246518049092
15.0,-7.937868,360.6930163422687,6.4678142547626285,9.148341550706947
25.0,-7.937868,370.3888240176914,6.635278399153828,9.385206793330918
35.0,-7.937868,346.87771586784083,6.2964687618086215,8.906018857808636
45.0,-7.937868,356.62409905903814,6.549352092092456,9.263744868080316
55.0,-7.937868,373.89697633453557,6.812781639148472,9.636327980405039
65.0,-7.937868,377.6192459504927,6.9197718227786424,9.787678629144363
75.0,-7.937868,407.93671008517725,7.545332479680057,10.672537295179014
85.0,-7.937868,364.3806309482707,6.915849800415649,9.782250674545544
95.0,-7.937868,412.8302017126322,7.826956117970951,11.070977424485692
105.0,-7.937868,372.6279243725595,7.200623625132393,10.185121394103632
115.0,-7.937868,390.56566722288096,7.693728463436541,10.882686846163358
125.0,-7.937868,386.9678730699214,7.8694931587612045,11.131445979993343
135.0,-7.937868,417.09357325848396,8.738897354756306,12.361380666211751
145.0,-7.937868,432.84359190355497,9.029339447978916,12.772193589322347
155.0,-7.937868,427.6757546304692,9.164012916614508,12.962847554418778
165.0,-7.937868,482.9916549742562,10.623543214391606,15.027594456043385
175.0,-7.937868,476.20492177873234,10.396595274023316,14.706511345082852
185.0,-7.937868,473.89730426265845,10.476866826872566,14.820149337761734
195.0,-7.937868,448.8967190136383,10.090752032164815,14.274085222512312
205.0,-7.937868,480.46370839505215,11.155489506844532,15.780498632567872
215.0,-7.937868,448.12790036557544,10.577176645310665,14.962555086698057
225.0,-7.937868,481.26970943959066,11.27184982986297,15.945176836627965
235.0,-7.937868,485.63802828750937,11.912342660149418,16.85166700768695
245.0,-7.937868,488.46677736533684,12.065506393560746,17.06841053181679
255.0,-7.937868,478.78437968520063,12.349815879161783,17.471090148759323
265.0,-7.937868,547.1973685941872,14.315907786102139,20.252683238307874
275.0,-7.937868,533.8401607165921,13.82987033753261,19.56495672086904
285.0,-7.937868,535.2771442183441,14.032892658781503,19.852330396626414
295.0,-7.937868,536.1921687882755,14.355997132563134,20.30972662320066
305.0,-7.937868,561.3353006142859,15.357450544031494,21.726847670255527
315.0,-7.937868,579.8546534314378,16.802088428878903,23.771723160659743
325.0,-7.937868,588.1729253637382,16.936800633451845,23.96218979217907
335.0,-7.937868,603.7842973619283,17.480811603034507,24.7319684753526
345.0,-7.937868,581.9956501602039,17.825476024562427,25.220862398102778
355.0,-7.937868,620.8416894428083,18.6766823759017,26.42477713527427
365.0,-7.937868,632.087537013895,20.518429723610733,29.032742117647352
375.0,-7.937868,669.808906721274,21.517362167256746,30.445859396421543
385.0,-7.937868,681.6829112441801,22.572776830030374,31.940243034429823
395.0,-7.937868,703.225520354546,24.263585602363896,34.33433502093741
405.0,-7.937868,635.8153921276271,22.016486434028707,31.154697189062144
415.0,-7.937868,688.5377928819648,24.000918679935648,33.96306467486295
425.0,-7.937868,761.5112150566622,28.127058497524352,39.80482886161411
435.0,-7.937868,653.5837033695934,25.895929179194674,36.65115412180226
445.0,-7.937868,768.6832409201662,30.408639042835336,43.03799898884757
455.0,-7.937868,762.0128725082743,33.00644140523153,46.722006932876475
465.0,-7.937868,737.7234275513613,32.959052062983794,46.65772628657031
475.0,-7.937868,825.8788290966975,40.63884043544262,57.54170460361738
485.0,-7.937868,794.6288709294114,40.55073476377024,57.42221631885115
495.0,-7.937868,995.9286454727721,58.993721547392944,83.57647534744227
505.0,-7.937868,754.6709777214396,47.72958347251875,67.63523027548543
515.0,-7.937868,648.1771414877066,44.62235464816708,63.25561196614247
525.0,-7.937868,647.311621600603,46.236544400043066,65.55579619656966
535.0,-7.937868,605.7544815750095,50.47954013125079,71.6380267762487
545.0,-7.937868,734.4928920972882,66.77208109975346,94.8226246333506
555.0,-7.937868,510.2866289645863,56.69851432939848,80.6834003528671
565.0,-7.937868,836.721848648237,94.74009331914091,134.8499360285036
575.0,-7.937868,440.4637843882725,65.66046423459919,93.90719436028283
